Processing diabetes sel 0.05
[0.6646875  0.40730469 0.         0.63269531 0.68796875 0.59382813]
[0.10550162 0.34734256 0.         0.14048952 0.04614596 0.19345324]
Processing click sel 0.05
[0.65399 0.07124 0.      0.68951 0.88243 0.63466]
[0.38948189 0.24188731 0.         0.36855589 0.04707664 0.37943795]
Processing 2dplanes sel 0.05
[0.77293 0.81122 0.788   0.77325 0.78487 0.78344]
[3.78806032e-02 1.04437350e-02 4.44089210e-16 3.91217650e-02
 3.45371988e-02 3.50145170e-02]
Processing phoneme sel 0.05
[0.74045 0.64311 0.      0.73535 0.73583 0.74373]
[0.03358173 0.25987755 0.         0.03532651 0.03857313 0.02701744]
Processing diabetes sel 0.1
[0.69710938 0.61476562 0.         0.68460937 0.68621094 0.67921875]
[0.03315447 0.24909981 0.         0.03545498 0.05180107 0.04137779]
Processing click sel 0.1
[0.86779 0.      0.      0.79679 0.90387 0.82961]
[0.18059815 0.         0.         0.29698301 0.03153202 0.24746562]
Processing 2dplanes sel 0.1
[0.81307 0.82219 0.807   0.81312 0.81342 0.81008]
[0.02229911 0.01052278 0.         0.01796707 0.02039028 0.01875163]
Processing phoneme sel 0.1
[0.74378 0.74581 0.      0.75055 0.75165 0.75368]
[0.0237344  0.0144343  0.         0.02238554 0.02201074 0.0184203 ]
Processing diabetes sel 0.15
[0.71011719 0.68132812 0.         0.70460937 0.70445313 0.70824219]
[0.0269845  0.17324003 0.         0.03035475 0.02771357 0.03322584]
Processing click sel 0.15
[0.92547 0.03705 0.      0.92696 0.93109 0.9082 ]
[0.02194229 0.18151877 0.         0.02475275 0.02124634 0.13239029]
Processing 2dplanes sel 0.15
[0.82157 0.82508 0.81    0.81955 0.82037 0.82128]
[1.77016977e-02 9.82413355e-03 1.11022302e-16 1.79717139e-02
 1.50684472e-02 1.81975713e-02]
Processing phoneme sel 0.15
[0.75641 0.74601 0.      0.755   0.75544 0.75456]
[0.01926647 0.00974756 0.         0.02274797 0.01998766 0.01689871]
Processing diabetes sel 0.2
[0.71125    0.72992188 0.         0.71191406 0.71769531 0.71546875]
[0.0300181  0.0190809  0.         0.03537529 0.02498232 0.03381206]
Processing click sel 0.2
[0.91379 0.05628 0.      0.8976  0.93812 0.91095]
[0.13178183 0.22278113 0.         0.18382386 0.01278302 0.13122505]
Processing 2dplanes sel 0.2
[0.82944 0.82685 0.81    0.82845 0.83085 0.8288 ]
[1.20468419e-02 9.32483244e-03 1.11022302e-16 1.26630368e-02
 1.03765360e-02 1.05237826e-02]
Processing phoneme sel 0.2
[0.7627  0.74614 0.      0.76355 0.76065 0.75841]
[0.01674784 0.01000852 0.         0.01603691 0.01911995 0.01960426]
Processing diabetes sel 0.25
[0.72398438 0.73152344 0.         0.71402344 0.71996094 0.71824219]
[0.02661254 0.01978819 0.         0.02743592 0.02616281 0.02824629]
Processing click sel 0.25
[0.93675 0.11235 0.      0.93916 0.93826 0.93937]
[0.01277312 0.30425687 0.         0.00980227 0.0112322  0.01185783]
Processing 2dplanes sel 0.25
[0.83129 0.83042 0.81    0.83219 0.83225 0.83005]
[1.15373697e-02 8.87657592e-03 1.11022302e-16 1.00617543e-02
 8.52540322e-03 8.36196747e-03]
Processing phoneme sel 0.25
[0.75864 0.74565 0.      0.76365 0.7679  0.76135]
[0.01771639 0.00845532 0.         0.01707579 0.01288216 0.01880538]
Processing diabetes sel 0.3
[0.72175781 0.73695312 0.         0.71851562 0.72636719 0.724375  ]
[0.02806039 0.01730888 0.         0.02325659 0.02252877 0.02444963]
Processing click sel 0.3
[0.94031 0.18902 0.      0.93801 0.94047 0.93978]
[0.01173793 0.37805284 0.         0.01348165 0.01177387 0.00998907]
Processing 2dplanes sel 0.3
[0.83335 0.82969 0.81    0.83291 0.83533 0.83291]
[9.14179960e-03 9.12463150e-03 1.11022302e-16 9.54394572e-03
 8.54436071e-03 8.69464778e-03]
Processing phoneme sel 0.3
[0.76315 0.74602 0.      0.765   0.76297 0.76191]
[0.0167962  0.00746188 0.         0.01571496 0.01428825 0.01551119]
